Date
Time
Draw
Winning Numbers
BullsEye Multiplier Bonus8S
1/7/2024 5:20 
PM
3400202 2 6 8 9 11 12 22 35 41 44 51 54 58 59 62 65 67 71 72 79
71
X5
$32,331
1/7/2024 5:16 
PM
3400201 2 6 12 13 17 22 23 26 28 30 45 46 48 49 59 64 70 71 72 73
13
X1
$32,299
1/7/2024 5:12 
PM
3400200 9 11 12 16 17 23 25 31 33 35 36 38 44 56 64 65 66 67 74 79
64
X2
$32,267
1/7/2024 5:08 
PM
3400199 1 7 11 12 16 17 20 21 22 27 36 40 48 57 58 60 63 65 70 71
7
X1
$32,236
1/7/2024 5:04 
PM
3400198 1 3 10 13 17 27 40 41 44 47 51 52 55 56 57 58 62 69 77 80
58
X1
$32,205
1/7/2024 5:00 
PM
3400197 4 7 10 12 20 21 28 31 34 41 51 54 58 61 68 69 72 73 76 78
28
X1
$32,172
1/7/2024 4:56 
PM
3400196 6 8 12 22 24 25 28 36 37 38 39 46 48 55 58 59 62 63 65 79
58
X2
$32,135
1/7/2024 4:52 
PM
3400195 4 5 10 21 28 31 33 44 48 51 53 54 55 59 62 64 67 68 76 80
68
X1
$32,101
1/7/2024 4:48 
PM
3400194 6 22 24 28 29 33 35 44 48 50 51 52 54 55 56 68 70 71 73 75
33
X1
$32,067
1/7/2024 4:44 
PM
3400193 1 4 5 6 12 20 21 22 24 25 27 29 33 37 42 49 61 66 67 68
66
X1
$32,033
1/7/2024 4:40 
PM
3400192 1 3 18 19 21 22 23 31 37 40 45 46 47 54 55 59 60 68 70 80
37
X2
$31,999
1/7/2024 4:36 
PM
3400191 1 4 5 7 9 13 19 21 24 29 40 44 49 52 57 61 62 65 66 78
62
X2
$31,965
1/7/2024 4:32 
PM
3400190 3 12 15 25 26 29 31 35 42 49 51 57 58 60 64 65 69 70 76 77
49
X3
$31,931
1/7/2024 4:28 
PM
3400189 10 18 23 24 25 27 36 37 40 43 44 51 56 60 62 63 66 67 78 80 66
X1
$31,896
1/7/2024 4:24 
PM
3400188 5 6 12 15 16 20 21 27 28 36 37 38 39 47 52 57 64 71 72 74
39
X1
$31,844
1/7/2024 4:20 
PM
3400187 2 10 11 13 15 19 34 35 37 38 46 50 58 62 63 66 69 71 73 77
35
X1
$31,800
1/7/2024 4:16 
PM
3400186 1 3 4 12 14 15 18 19 24 28 32 34 38 39 46 54 56 64 67 80
18
X5
$31,765
1/7/2024 4:12 
PM
3400185 1 2 6 20 22 28 29 36 49 53 56 57 59 66 69 71 72 73 76 78
71
X5
$31,731
1/7/2024 4:08 
PM
3400184 13 15 16 19 27 28 29 30 31 32 34 37 40 47 49 53 54 64 65 79 79
X2
$31,694
1/7/2024 4:04 
PM
3400183 1 3 5 8 10 18 23 25 27 31 32 34 35 54 59 63 64 65 67 79
23
X5
$31,656
1/7/2024 4:00 
PM
3400182 2 4 6 7 8 23 28 32 33 35 37 40 48 53 57 61 64 69 76 78
48
X10
$31,618
1/7/2024 3:56 
PM
3400181 15 16 22 23 24 27 28 32 34 42 43 45 57 58 59 68 69 74 75 77 74
X2
$31,578
1/7/2024 3:52 
PM
3400180 3 7 8 14 19 21 25 26 27 38 49 53 54 57 59 62 63 64 69 74
62
X3
$31,540
1/7/2024 3:48 
PM
3400179 4 6 10 18 19 24 25 32 33 34 35 36 37 43 45 52 56 59 71 77
4
X2
$31,501
1/7/2024 3:44 
PM
3400178 3 8 11 18 21 28 30 31 34 41 48 49 51 57 61 68 69 76 77 79
77
X2
$31,462
Date
Time
Draw
Winning Numbers
BullsEye Multiplier Bonus8S
1/7/2024 3:40 
PM
3400177 3 4 6 7 9 11 12 14 21 25 29 30 49 54 60 65 67 77 78 79
60
X1
$31,423
1/7/2024 3:36 
PM
3400176 6 17 20 23 31 35 36 39 44 45 51 53 54 60 62 67 69 77 78 80
78
X1
$31,381
1/7/2024 3:32 
PM
3400175 3 7 9 10 14 15 21 29 30 35 39 40 41 46 47 54 55 63 65 73
10
X2
$31,340
1/7/2024 3:28 
PM
3400174 1 3 5 12 13 14 15 24 26 28 33 36 37 38 39 45 59 65 77 79
12
X1
$31,299
1/7/2024 3:24 
PM
3400173 2 11 16 17 20 21 23 24 33 34 35 36 44 48 52 54 58 60 67 71
11
X1
$31,259
1/7/2024 3:20 
PM
3400172 4 5 6 8 12 19 25 29 36 39 46 50 52 53 57 65 68 70 75 79
53
X1
$31,216
1/7/2024 3:16 
PM
3400171 1 7 10 11 17 18 23 24 25 29 33 35 40 44 57 70 72 73 75 80
72
X3
$31,176
1/7/2024 3:12 
PM
3400170 5 6 10 16 24 28 43 44 45 50 55 56 66 69 72 75 76 78 79 80
50
X5
$31,136
1/7/2024 3:08 
PM
3400169 6 10 12 18 27 29 30 34 37 43 48 52 57 61 65 66 69 74 75 77
75
X5
$31,095
1/7/2024 3:04 
PM
3400168 4 7 8 11 12 17 24 25 31 36 37 42 50 56 61 67 71 72 73 80
72
X1
$31,055
1/7/2024 3:00 
PM
3400167 2 5 13 18 21 24 26 27 38 42 47 50 54 63 65 66 67 74 76 79
66
X1
$31,014
1/7/2024 2:56 
PM
3400166 1 12 13 14 15 18 19 24 27 30 33 35 40 41 58 60 64 65 66 73
14
X2
$30,973
1/7/2024 2:52 
PM
3400165 7 13 15 19 20 38 42 43 48 53 56 61 66 69 70 71 74 77 78 79
42
X1
$30,923
1/7/2024 2:48 
PM
3400164 1 2 6 8 14 17 19 23 24 28 35 36 39 42 46 49 52 53 74 75
2
X2
$30,883
1/7/2024 2:44 
PM
3400163 4 5 10 12 23 24 32 34 42 45 51 59 64 65 67 69 74 75 76 80
24
X3
$30,839
1/7/2024 2:40 
PM
3400162 2 3 13 14 19 34 38 39 40 44 46 47 49 50 51 56 69 70 72 75
56
X1
$30,798
1/7/2024 2:36 
PM
3400161 1 3 4 9 19 24 30 34 36 44 47 52 57 58 68 69 74 75 76 79
19
X5
$30,756
1/7/2024 2:32 
PM
3400160 3 17 19 21 24 26 27 31 34 35 38 51 52 54 56 65 73 74 75 78
51
X5
$30,713
1/7/2024 2:28 
PM
3400159 1 7 8 11 17 19 21 32 35 42 45 47 48 52 54 59 60 61 65 76
11
X2
$30,669
1/7/2024 2:24 
PM
3400158 4 6 11 13 14 32 40 47 48 49 50 53 58 59 61 67 72 74 79 80
13
X1
$30,627
1/7/2024 2:20 
PM
3400157 5 6 7 9 10 13 17 19 27 38 41 52 57 65 66 68 74 76 77 80
19
X10
$30,585
1/7/2024 2:16 
PM
3400156 6 8 13 14 17 21 26 28 30 34 47 48 50 55 56 58 61 68 71 80
21
X2
$30,544
1/7/2024 2:12 
PM
3400155 7 14 15 21 24 28 30 32 34 35 39 41 45 47 49 62 67 68 69 74
68
X2
$30,502
1/7/2024 2:08 
PM
3400154 1 7 10 13 14 18 19 20 22 33 35 36 48 50 53 62 63 70 73 80
48
X1
$30,461
1/7/2024 2:04 
PM
3400153 3 5 7 8 9 10 23 30 34 37 39 60 62 65 67 70 72 75 76 78
8
X1
$30,420
1/7/2024 2:00 
PM
3400152 2 17 20 21 23 27 31 36 40 45 47 49 50 52 60 67 70 72 75 79
52
X5
$30,379
1/7/2024 1:56 
PM
3400151 2 5 9 11 16 18 23 33 34 37 46 50 56 59 63 67 70 72 73 78
37
X1
$30,337
Date
Time
Draw
Winning Numbers
BullsEye Multiplier Bonus8S
1/7/2024 1:52 
PM
3400150 2 3 5 12 17 21 23 25 26 31 38 46 52 54 58 59 64 74 76 80
21
X2
$30,299
1/7/2024 1:48 
PM
3400149 5 9 11 14 19 24 26 31 36 41 44 47 48 49 50 61 67 78 79 80
11
X3
$30,260
1/7/2024 1:44 
PM
3400148 4 6 11 16 18 23 27 30 33 36 39 41 47 60 62 67 68 70 72 74
70
X1
$30,219
1/7/2024 1:40 
PM
3400147 5 18 19 20 30 31 37 38 40 42 43 49 53 55 67 69 73 75 76 79
75
X1
$30,179
1/7/2024 1:36 
PM
3400146 3 4 6 19 22 25 32 40 42 48 50 52 56 59 63 68 71 74 78 80
78
X1
$30,140
1/7/2024 1:32 
PM
3400145 7 8 10 14 16 20 26 27 33 44 45 49 51 59 62 65 68 69 76 79
68
X3
$30,097
1/7/2024 1:28 
PM
3400144 3 7 11 16 18 19 21 30 31 34 37 39 42 48 49 52 62 67 69 79
67
X2
$30,056
1/7/2024 1:24 
PM
3400143 1 10 13 15 21 24 28 36 38 39 42 51 53 57 58 60 64 67 68 70
51
X2
$30,017
1/7/2024 1:20 
PM
3400142 1 2 9 10 12 20 27 33 37 38 40 47 49 52 53 63 68 74 75 80
37
X2
$29,977
1/7/2024 1:16 
PM
3400141 3 5 6 12 17 19 20 22 24 27 32 36 37 38 40 42 45 59 63 80
12
X3
$29,939
1/7/2024 1:12 
PM
3400140 2 5 6 11 12 14 15 16 17 32 33 36 37 43 50 56 57 58 76 78
12
X2
$29,900
1/7/2024 1:08 
PM
3400139 5 15 23 24 26 27 31 34 38 44 45 54 57 63 67 71 72 73 78 79
72
X1
$29,863
1/7/2024 1:04 
PM
3400138 11 12 14 18 21 29 30 31 36 38 46 48 54 55 63 66 68 73 79 80 80
X1
$29,825
1/7/2024 1:00 
PM
3400137 4 11 14 18 24 26 32 33 47 51 52 53 58 60 61 62 68 70 77 78
47
X1
$29,788
1/7/2024 12:56 
PM
3400136 1 4 5 6 12 15 22 26 30 41 45 47 52 64 68 72 73 74 78 79
78
X2
$29,749
1/7/2024 12:52 
PM
3400135 5 8 11 12 15 17 23 29 30 34 40 44 47 49 54 70 72 74 79 80
23
X1
$29,712
1/7/2024 12:48 
PM
3400134 7 19 21 24 31 35 39 40 41 49 55 58 61 63 64 65 67 68 75 78
21
X3
$29,674
1/7/2024 12:44 
PM
3400133 3 8 11 14 16 32 33 38 39 45 47 49 50 53 58 62 64 66 70 76
39
X3
$29,635
1/7/2024 12:40 
PM
3400132 13 15 17 18 24 28 30 34 36 37 38 39 52 56 57 59 67 73 78 80 28
X1
$29,597
1/7/2024 12:36 
PM
3400131 5 7 9 13 22 27 38 39 41 42 46 48 50 54 58 70 71 73 76 80
71
X3
$29,558
1/7/2024 12:32 
PM
3400130 5 9 11 21 26 27 30 40 41 42 45 51 56 58 62 63 70 71 74 80
5
X2
$29,514
1/7/2024 12:28 
PM
3400129 4 5 9 10 20 21 23 25 27 28 30 38 48 54 58 59 61 63 65 78
23
X3
$29,471
1/7/2024 12:24 
PM
3400128 23 31 34 35 37 38 39 41 42 44 46 51 54 55 58 62 64 72 73 79 34
X1
$29,430
1/7/2024 12:20 
PM
3400127 9 12 13 14 26 29 30 33 34 35 40 42 44 46 47 49 50 57 67 73
14
X3
$29,388
1/7/2024 12:16 
PM
3400126 3 6 9 10 16 19 22 30 31 38 39 42 48 49 55 58 62 70 72 79
39
X2
$29,347
1/7/2024 12:12 
PM
3400125 7 13 14 17 18 19 24 32 35 42 48 49 53 54 60 65 67 71 75 80
32
X1
$29,304
1/7/2024 12:08 
PM
3400124 1 6 8 14 24 28 29 33 35 41 44 51 52 53 54 55 57 68 72 79
68
X1
$29,265
Date
Time
Draw
Winning Numbers
BullsEye Multiplier Bonus8S
1/7/2024 12:04 
PM
3400123 1 2 9 14 28 32 34 37 42 45 48 53 55 57 58 60 61 73 77 78
14
X1
$29,227
1/7/2024 12:00 
PM
3400122 3 8 10 12 23 27 31 34 38 42 44 47 58 65 67 69 70 73 76 77
3
X1
$29,187
1/7/2024 11:56 
AM
3400121 3 4 5 8 13 17 20 29 33 41 43 49 51 53 62 67 68 70 74 77
20
X2
$29,143
1/7/2024 11:52 
AM
3400120 2 3 4 9 17 18 20 24 26 29 31 32 45 47 58 60 61 66 68 71
9
X5
$29,103
1/7/2024 11:48 
AM
3400119 5 9 13 14 15 16 18 24 30 50 52 53 54 55 59 60 64 65 75 80
24
X1
$29,065
1/7/2024 11:44 
AM
3400118 2 10 12 13 14 15 17 21 25 37 39 41 44 51 53 62 77 78 79 80
14
X1
$29,026
1/7/2024 11:40 
AM
3400117 9 11 21 25 28 32 41 42 43 46 47 49 53 54 55 57 61 69 71 72
53
X10
$28,991
1/7/2024 11:36 
AM
3400116 3 4 8 15 20 21 22 23 25 26 30 33 35 37 49 51 67 75 76 78
51
X1
$28,948
1/7/2024 11:32 
AM
3400115 10 11 13 16 18 28 31 36 37 38 39 47 49 55 64 70 71 76 78 80 78
X1
$28,900
1/7/2024 11:28 
AM
3400114 3 4 5 8 11 13 19 22 27 32 33 40 43 48 54 55 58 68 76 77
33
X1
$28,857
1/7/2024 11:24 
AM
3400113 2 11 17 20 26 31 34 36 42 43 44 45 47 52 55 69 70 71 76 77
55
X1
$28,813
1/7/2024 11:20 
AM
3400112 1 3 8 9 17 22 32 35 38 41 42 43 46 49 51 53 56 58 61 78
58
X1
$28,772
1/7/2024 11:16 
AM
3400111 1 3 4 6 8 11 12 19 25 29 35 36 42 44 58 62 68 69 73 75
3
X1
$28,728
1/7/2024 11:12 
AM
3400110 3 4 7 10 19 41 42 46 53 54 58 59 62 63 65 67 71 73 75 77
75
X1
$28,686
1/7/2024 11:08 
AM
3400109 2 9 17 18 24 30 32 33 34 39 44 46 51 53 57 59 64 72 76 79
2
X2
$28,644
1/7/2024 11:04 
AM
3400108 7 14 15 22 23 26 33 35 36 42 43 51 55 56 58 64 66 67 77 78
35
X3
$28,603
1/7/2024 11:00 
AM
3400107 9 12 13 14 15 21 25 27 29 31 32 37 45 47 49 59 62 68 71 74
12
X5
$28,567
1/7/2024 10:56 
AM
3400106 3 5 11 20 23 26 29 41 42 43 49 51 57 58 61 64 65 72 73 76
23
X1
$28,531
1/7/2024 10:52 
AM
3400105 3 7 10 11 16 18 24 29 41 43 47 49 50 54 58 59 69 71 75 80
80
X3
$28,494
1/7/2024 10:48 
AM
3400104 8 10 11 13 14 16 17 30 32 43 45 52 57 59 61 63 64 74 76 77
57
X1
$28,459
1/7/2024 10:44 
AM
3400103 1 2 4 8 11 16 20 22 30 31 38 40 41 48 50 60 62 63 71 74
22
X1
$28,423
1/7/2024 10:40 
AM
3400102 3 5 6 11 21 23 24 34 38 44 47 52 56 62 65 66 68 72 73 78
52
X1
$28,387
1/7/2024 10:36 
AM
3400101 1 4 12 20 23 27 32 37 40 45 58 61 62 63 65 66 74 76 79 80
20
X1
$28,354
1/7/2024 10:32 
AM
3400100 5 6 17 19 21 25 46 48 49 50 51 56 60 62 70 71 72 73 78 79
60
X3
$28,318
1/7/2024 10:28 
AM
3400099 2 9 10 12 24 25 27 29 31 38 49 53 55 59 65 68 69 71 76 77
38
X1
$28,283
1/7/2024 10:24 
AM
3400098 5 8 12 13 18 29 30 31 33 35 37 48 49 52 54 65 69 70 74 78
74
X2
$28,250
1/7/2024 10:20 
AM
3400097 10 11 19 22 23 24 26 29 38 47 48 52 57 58 60 66 70 71 78 79 11
X1
$28,219
Date
Time
Draw
Winning Numbers
BullsEye Multiplier Bonus8S
1/7/2024 10:16 
AM
3400096 10 11 14 17 21 22 27 28 30 34 38 41 49 52 53 58 66 73 75 76 53
X2
$28,188
1/7/2024 10:12 
AM
3400095 15 17 22 23 31 40 41 43 45 50 53 54 56 57 58 59 62 73 75 78 73
X5
$28,155
1/7/2024 10:08 
AM
3400094 8 10 11 12 15 22 24 25 27 29 36 39 44 46 50 54 64 65 73 75
29
X3
$28,125
1/7/2024 10:04 
AM
3400093 1 4 5 7 9 12 15 16 26 27 35 43 44 58 59 60 63 68 71 80
35
X2
$28,096
1/7/2024 10:00 
AM
3400092 10 12 16 19 24 26 34 35 38 39 46 48 54 56 57 63 68 71 76 78 71
X2
$28,068
1/7/2024 09:56 
AM
3400091 1 4 8 18 20 22 30 34 37 41 43 44 50 54 55 57 59 62 63 68
30
X1
$28,038
1/7/2024 09:52 
AM
3400090 1 2 5 7 9 16 20 24 42 44 49 50 51 54 57 60 61 65 73 74
61
X2
$28,013
1/7/2024 09:48 
AM
3400089 1 2 3 5 13 14 16 35 40 41 44 53 54 55 56 57 74 75 77 79
77
X1
$27,988
1/7/2024 09:44 
AM
3400088 4 6 14 22 23 25 31 33 37 39 43 44 49 52 55 59 64 67 78 79
4
X1
$27,963
1/7/2024 09:40 
AM
3400087 8 13 14 16 21 30 34 40 41 43 49 51 52 53 73 76 77 78 79 80
51
X2
$27,939
1/7/2024 09:36 
AM
3400086 1 4 5 7 8 11 15 18 24 28 40 41 43 45 47 52 57 62 68 72
52
X1
$27,914
1/7/2024 09:32 
AM
3400085 2 5 8 11 13 18 20 23 33 34 35 37 42 46 60 63 66 71 75 78
71
X3
$27,891
1/7/2024 09:28 
AM
3400084 2 4 6 10 17 18 22 23 25 27 37 40 47 50 56 69 73 77 79 80
6
X1
$27,868
1/7/2024 09:24 
AM
3400083 3 5 8 16 18 22 26 28 31 34 39 42 45 49 61 64 67 70 72 73
42
X1
$27,847
1/7/2024 09:20 
AM
3400082 3 5 9 12 17 35 36 38 40 46 52 63 69 72 74 75 76 77 78 79
5
X1
$27,825
1/7/2024 09:16 
AM
3400081 2 3 4 8 11 12 17 18 22 26 34 39 41 47 54 62 68 71 72 76
4
X3
$27,805
1/7/2024 09:12 
AM
3400080 2 12 19 20 23 24 37 40 54 57 59 60 62 63 64 66 70 72 75 79
54
X1
$27,785
1/7/2024 09:08 
AM
3400079 2 3 5 6 7 18 25 26 36 39 40 44 47 53 56 69 72 73 75 78
7
X1
$27,766
1/7/2024 09:04 
AM
3400078 17 18 19 24 25 26 28 34 36 44 46 47 48 49 50 66 67 68 72 75 26
X2
$27,747
1/7/2024 09:00 
AM
3400077 1 16 22 24 26 28 30 45 47 48 49 54 55 56 57 65 69 72 73 80
57
X1
$27,730
1/7/2024 08:56 
AM
3400076 3 4 5 7 14 15 21 22 25 27 34 35 37 40 41 59 66 70 73 80
34
X1
$27,713
1/7/2024 08:52 
AM
3400075 2 10 11 12 25 31 38 45 47 50 53 54 60 61 65 71 75 76 77 80
76
X2
$27,697
1/7/2024 08:48 
AM
3400074 4 11 23 24 25 26 29 32 33 37 39 40 43 45 46 61 67 73 77 80
23
X1
$27,681
1/7/2024 08:44 
AM
3400073 1 5 6 8 9 24 26 28 31 37 43 45 51 53 54 55 67 68 69 77
5
X3
$27,664
1/7/2024 08:40 
AM
3400072 3 4 7 13 20 22 37 51 54 56 57 60 63 66 70 71 74 75 77 80
22
X3
$27,648
1/7/2024 08:36 
AM
3400071 2 9 17 18 23 27 38 45 51 53 54 56 60 64 65 74 75 76 78 80
76
X1
$27,633
1/7/2024 08:32 
AM
3400070 6 14 16 20 26 29 30 39 44 47 48 49 52 53 55 56 64 66 68 78
39
X1
$27,620
Date
Time
Draw
Winning Numbers
BullsEye Multiplier Bonus8S
1/7/2024 08:28 
AM
3400069 6 9 13 14 21 27 30 36 37 38 39 40 43 52 62 70 72 75 77 80
75
X1
$27,605
1/7/2024 08:24 
AM
3400068 4 8 9 12 15 17 25 40 42 49 50 52 53 56 57 60 65 70 76 77
42
X1
$27,592
1/7/2024 08:20 
AM
3400067 1 4 7 13 19 20 21 24 26 38 45 49 53 54 60 61 66 69 72 77
13
X3
$27,579
1/7/2024 08:16 
AM
3400066 3 4 5 8 10 18 24 31 35 36 41 47 53 58 59 63 67 71 75 79
5
X3
$27,567
1/7/2024 08:12 
AM
3400065 12 13 14 15 18 19 21 29 32 33 35 36 44 47 49 51 52 60 64 77 18
X5
$27,554
1/7/2024 08:08 
AM
3400064 3 13 14 22 33 34 36 37 40 41 44 49 50 51 55 62 63 66 73 80
13
X1
$27,542
1/7/2024 08:04 
AM
3400063 1 5 14 30 43 44 48 50 51 52 54 60 61 64 65 67 75 76 77 79
79
X3
$27,530
1/7/2024 08:00 
AM
3400062 7 11 18 19 31 32 36 38 40 44 53 57 60 63 66 68 69 71 75 79
7
X1
$27,519
1/7/2024 07:56 
AM
3400061 6 7 9 14 20 24 29 35 38 44 52 54 58 59 60 62 65 68 69 70
54
X2
$27,509
1/7/2024 07:52 
AM
3400060 2 5 11 12 13 14 18 32 34 39 40 41 42 47 50 60 61 64 70 74
12
X1
$27,499
1/7/2024 07:48 
AM
3400059 1 2 6 12 14 16 18 19 22 32 43 45 53 55 56 58 66 69 72 79
66
X3
$27,489
1/7/2024 07:44 
AM
3400058 5 6 10 14 15 19 25 27 28 36 38 44 46 47 56 65 66 68 69 73
38
X2
$27,480
1/7/2024 07:40 
AM
3400057 1 10 12 13 19 20 25 28 32 33 34 35 43 45 47 50 51 62 68 78
68
X2
$27,471
1/7/2024 07:36 
AM
3400056 3 8 15 21 23 24 25 32 39 40 47 50 55 57 62 63 64 67 73 75
73
X2
$27,463
1/7/2024 07:32 
AM
3400055 7 9 12 18 20 22 27 41 45 46 49 50 51 58 59 62 64 66 69 71
22
X1
$27,456
1/7/2024 07:28 
AM
3400054 3 4 5 12 14 18 19 20 24 26 34 36 37 51 58 61 63 69 71 74
37
X2
$27,448
1/7/2024 07:24 
AM
3400053 1 5 8 11 17 22 24 40 43 44 45 50 53 56 61 62 65 66 73 74
17
X2
$27,440
1/7/2024 07:20 
AM
3400052 3 6 8 9 10 14 20 24 29 30 31 36 51 55 56 60 61 73 77 78
77
X1
$27,433
1/7/2024 07:16 
AM
3400051 1 2 5 6 9 10 12 13 15 19 23 33 37 40 42 43 45 51 53 60
33
X5
$27,426
1/7/2024 07:12 
AM
3400050 3 8 14 27 31 33 34 36 38 44 46 51 52 56 59 60 68 71 77 80
3
X1
$27,419
1/7/2024 07:08 
AM
3400049 1 3 7 8 17 22 29 33 40 41 42 44 51 52 55 56 63 67 68 70
8
X5
$27,413
1/7/2024 07:04 
AM
3400048 1 4 8 11 16 17 18 21 22 26 31 40 41 51 60 66 68 73 77 78
4
X1
$27,409
1/7/2024 07:00 
AM
3400047 5 6 13 14 22 23 29 32 36 40 41 42 51 53 61 68 71 75 77 79
6
X5
$27,404
1/7/2024 06:56 
AM
3400046 1 2 3 13 16 17 18 21 27 28 29 36 39 41 53 56 60 75 76 80
60
X5
$27,400
1/7/2024 06:52 
AM
3400045 7 9 13 14 19 32 33 35 36 42 51 52 56 57 59 63 66 69 73 77
9
X5
$27,398
1/7/2024 06:48 
AM
3400044 7 12 13 16 18 27 29 33 38 39 40 44 47 51 54 57 66 69 76 79
79
X2
$27,395
1/7/2024 06:44 
AM
3400043 1 6 14 15 16 20 26 33 37 39 43 46 49 50 51 52 53 58 66 75
33
X1
$27,392
Date
Time
Draw
Winning Numbers
BullsEye Multiplier Bonus8S
1/7/2024 06:40 
AM
3400042 1 8 10 13 18 19 27 28 29 30 42 45 46 48 51 54 55 65 74 80
19
X2
$27,389
1/7/2024 06:36 
AM
3400041 2 9 13 17 22 23 27 28 30 31 50 51 59 63 65 69 71 72 73 77
77
X2
$27,386
1/7/2024 06:32 
AM
3400040 2 22 25 26 27 31 33 34 36 38 39 40 45 47 57 59 61 65 73 79
59
X1
$27,383
1/7/2024 06:28 
AM
3400039 4 9 10 13 16 23 26 27 28 32 47 49 52 54 55 59 63 65 67 70
67
X3
$27,381
1/7/2024 06:24 
AM
3400038 1 8 14 15 22 27 29 36 43 47 52 53 56 60 63 70 71 72 73 79
47
X2
$27,379
1/7/2024 06:20 
AM
3400037 2 10 13 17 22 27 31 32 46 47 49 52 58 59 62 69 70 75 76 79
62
X2
$27,377
1/7/2024 06:16 
AM
3400036 1 5 8 13 14 19 23 27 34 42 43 44 46 51 54 61 63 68 74 78
46
X2
$27,374
1/7/2024 06:12 
AM
3400035 8 13 19 28 33 37 43 44 46 47 53 59 63 64 66 68 73 74 76 79
76
X2
$27,372
1/7/2024 06:08 
AM
3400034 6 7 8 13 15 17 19 30 35 39 40 46 51 54 56 66 69 73 75 78
39
X2
$27,371
1/7/2024 06:04 
AM
3400033 1 3 13 19 22 28 36 46 47 48 49 50 52 53 57 61 68 70 76 78
13
X5
$27,369
1/7/2024 06:00 
AM
3400032 7 9 13 17 18 21 23 25 37 39 41 51 52 57 59 66 73 76 77 80
76
X1
$27,367
1/7/2024 05:56 
AM
3400031 3 5 7 11 13 17 18 22 23 27 33 42 47 48 50 58 63 73 74 75
63
X2
$27,365
1/7/2024 05:52 
AM
3400030 8 10 14 15 17 19 22 27 29 30 34 39 40 47 50 52 63 64 67 76
10
X1
$27,363
1/7/2024 05:48 
AM
3400029 1 7 10 11 16 24 26 27 32 41 44 47 48 50 51 65 66 67 68 80
67
X1
$27,362
1/7/2024 05:44 
AM
3400028 2 7 10 13 15 19 24 32 34 39 41 43 45 50 51 53 64 67 75 76
2
X3
$27,360
1/7/2024 05:40 
AM
3400027 6 10 11 20 29 34 39 42 44 48 49 54 60 61 64 65 67 68 70 76
29
X5
$27,358
1/7/2024 05:36 
AM
3400026 6 12 15 25 29 31 40 43 45 51 52 54 56 69 70 72 73 74 76 78
74
X1
$27,356
1/7/2024 05:32 
AM
3400025 4 7 9 10 13 14 17 25 27 34 36 39 41 47 52 57 60 61 64 67
13
X3
$27,354
1/7/2024 05:28 
AM
3400024 2 5 11 12 15 20 21 22 25 29 32 36 45 48 50 54 68 74 79 80
25
X1
$27,352
1/7/2024 05:24 
AM
3400023 3 4 5 11 13 15 17 27 33 36 39 41 47 50 51 55 56 61 69 70
61
X2
$27,350
1/7/2024 05:20 
AM
3400022 5 6 15 16 20 23 27 29 34 39 49 54 62 63 69 70 71 72 73 76
76
X1
$27,349
1/7/2024 05:16 
AM
3400021 1 7 8 17 22 27 31 33 36 37 38 42 43 47 52 57 59 66 68 78
37
X5
$27,348
1/7/2024 05:12 
AM
3400020 5 7 13 15 18 19 21 23 29 34 39 41 47 48 50 57 64 65 72 77
48
X3
$27,347
1/7/2024 05:08 
AM
3400019 3 4 17 21 22 25 26 31 32 36 43 49 57 61 62 65 68 69 73 77
4
X1
$27,346
1/7/2024 05:04 
AM
3400018 2 3 15 25 27 28 29 30 33 34 35 41 48 52 54 59 62 76 78 80
54
X3
$27,345
1/7/2024 03:56 
AM
3400017 1 7 11 17 19 32 36 37 38 40 43 47 52 55 56 58 60 65 70 75
55
X2
$27,343
1/7/2024 03:52 
AM
3400016 2 7 11 13 14 18 37 39 43 44 45 47 51 54 55 66 67 72 74 75
7
X1
$27,342
Date
Time
Draw
Winning Numbers
BullsEye Multiplier Bonus8S
1/7/2024 03:48 
AM
3400015 1 4 6 7 9 10 11 19 21 30 33 36 37 45 56 59 60 66 69 71
56
X1
$27,341
1/7/2024 03:44 
AM
3400014 1 5 6 8 20 21 26 27 29 38 40 41 44 56 58 63 65 73 75 78
8
X1
$27,339
1/7/2024 03:40 
AM
3400013 1 6 9 15 18 22 23 26 27 37 44 46 50 51 52 58 69 74 77 78
27
X1
$27,338
1/7/2024 03:36 
AM
3400012 10 11 12 13 14 15 29 36 37 38 42 44 53 56 63 64 65 67 68 71 42
X1
$27,336
1/7/2024 03:32 
AM
3400011 12 22 26 29 31 33 42 45 46 56 61 62 67 69 70 71 73 77 78 80 42
X1
$27,335
1/7/2024 03:28 
AM
3400010 5 8 12 13 15 17 30 31 32 37 42 44 45 46 59 69 70 71 79 80
46
X1
$27,333
1/7/2024 03:24 
AM
3400009 2 3 8 9 10 20 26 31 38 42 47 54 55 58 63 64 65 66 67 80
67
X1
$27,332
1/7/2024 03:20 
AM
3400008 2 6 9 10 13 15 24 30 34 35 36 45 46 61 66 69 70 72 73 80
24
X1
$27,330
1/7/2024 03:16 
AM
3400007 10 11 13 14 18 22 27 29 30 31 35 36 38 47 48 51 58 64 69 79 64
X2
$27,329
1/7/2024 03:12 
AM
3400006 1 5 15 20 22 28 31 36 39 45 47 51 55 56 58 66 67 70 75 76
1
X10
$27,327
1/7/2024 03:08 
AM
3400005 4 5 7 14 16 19 23 26 27 43 45 47 52 61 63 64 65 67 70 74
70
X3
$27,326
1/7/2024 03:04 
AM
3400004 1 3 7 9 14 22 23 25 26 27 36 46 50 54 56 60 62 64 65 67
14
X1
$27,324
1/7/2024 03:00 
AM
3400003 2 5 10 23 25 31 33 46 51 52 53 62 65 68 70 71 74 75 76 79
62
X1
$27,323
1/7/2024 02:56 
AM
3400002 2 5 9 10 15 17 18 24 25 33 40 41 42 44 47 51 55 58 75 76
15
X2
$27,321
1/7/2024 02:52 
AM
3400001 6 11 23 24 26 27 33 36 38 41 43 52 58 59 61 62 63 67 68 73
61
X2
$27,319
1/7/2024 02:48 
AM
3400000 3 9 13 17 18 26 28 30 33 43 47 53 55 64 67 70 72 76 77 80
77
X5
$27,317
1/7/2024 02:44 
AM
3399999 1 7 9 10 16 18 20 25 27 33 34 35 36 37 49 50 52 60 72 80
35
X3
$27,315
1/7/2024 02:40 
AM
3399998 4 6 8 13 14 15 23 28 39 44 46 49 54 59 61 66 74 77 78 79
61
X1
$27,313
1/7/2024 02:36 
AM
3399997 1 3 7 10 15 17 31 36 38 43 45 47 48 50 52 54 55 72 79 80
47
X2
$27,311
1/7/2024 02:32 
AM
3399996 1 12 15 19 21 22 23 24 25 28 31 40 42 45 52 59 60 61 62 75
12
X5
$27,309
1/7/2024 02:28 
AM
3399995 4 6 10 11 12 17 21 26 31 36 37 40 41 43 54 55 58 73 77 80
4
X1
$27,306
1/7/2024 02:24 
AM
3399994 1 8 9 10 13 18 20 29 34 37 47 49 53 54 57 60 62 63 65 67
9
X1
$27,304
1/7/2024 02:20 
AM
3399993 4 6 10 16 21 26 29 30 41 42 44 47 48 56 59 62 64 69 73 77
4
X3
$27,301
1/7/2024 02:16 
AM
3399992 1 4 11 16 19 22 23 30 32 33 35 37 39 41 55 59 64 71 72 75
37
X1
$27,298
1/7/2024 02:12 
AM
3399991 1 6 17 19 20 29 31 33 37 38 40 44 50 51 53 57 62 73 76 77
31
X5
$27,295
1/7/2024 02:08 
AM
3399990 3 5 13 21 26 27 28 39 40 45 51 53 54 55 59 66 69 74 77 79
69
X2
$27,290
1/7/2024 02:04 
AM
3399989 8 12 13 18 20 24 25 29 31 39 45 46 52 53 57 61 62 69 75 80
31
X2
$27,287
Date
Time
Draw
Winning Numbers
BullsEye Multiplier Bonus8S
1/7/2024 02:00 
AM
3399988 1 4 10 11 14 22 23 28 34 36 42 50 54 57 58 60 73 74 77 80
60
X2
$27,284
1/7/2024 01:56 
AM
3399987 6 18 19 27 28 31 32 33 34 42 43 45 49 56 58 61 69 70 71 75
33
X2
$27,281
1/7/2024 01:52 
AM
3399986 1 4 10 12 16 17 19 34 35 40 43 45 58 59 61 67 69 72 75 80
58
X3
$27,277
1/7/2024 01:48 
AM
3399985 2 6 8 15 18 19 22 23 27 32 37 48 52 54 56 58 60 62 68 73
37
X1
$27,274
1/7/2024 01:44 
AM
3399984 2 8 13 18 37 39 40 41 42 44 45 46 54 57 64 66 71 72 79 80
41
X1
$27,270
1/7/2024 01:40 
AM
3399983 1 2 3 4 9 14 22 25 35 41 43 45 47 50 54 59 63 72 73 75
54
X1
$27,267
1/7/2024 01:36 
AM
3399982 1 10 11 13 15 17 19 24 27 29 30 37 40 41 42 44 47 48 56 68
11
X3
$27,263
1/7/2024 01:32 
AM
3399981 2 3 5 6 7 8 12 13 17 18 22 29 37 46 48 59 62 70 72 75
3
X3
$27,260
1/7/2024 01:28 
AM
3399980 3 5 7 18 20 21 28 29 32 38 42 45 52 53 69 70 71 74 78 80
21
X3
$27,256
1/7/2024 01:24 
AM
3399979 7 13 18 19 20 21 25 27 31 32 37 38 39 40 45 51 57 58 72 74
27
X3
$27,252
1/7/2024 01:20 
AM
3399978 2 8 10 27 30 36 38 44 46 52 56 59 61 64 65 66 67 70 71 75
8
X5
$27,248
1/7/2024 01:16 
AM
3399977 1 6 9 12 15 17 19 25 32 41 46 47 56 65 67 68 70 76 79 80
46
X1
$27,244
1/7/2024 01:12 
AM
3399976 7 8 14 15 16 21 30 37 40 41 46 48 54 57 59 63 67 68 73 76
40
X1
$27,239
1/7/2024 01:08 
AM
3399975 4 5 6 10 12 13 16 17 20 26 30 33 41 43 45 54 59 60 62 73
26
X2
$27,233
1/7/2024 01:04 
AM
3399974 5 6 13 16 21 32 33 36 41 43 46 47 50 52 56 63 65 67 79 80
47
X5
$27,228
1/7/2024 01:00 
AM
3399973 3 8 10 13 15 21 22 27 29 37 38 44 47 48 50 52 53 56 57 66
15
X1
$27,222
1/7/2024 12:56 
AM
3399972 8 10 15 16 17 18 22 32 34 38 39 45 51 59 60 66 72 74 76 80
34
X5
$27,216
1/7/2024 12:52 
AM
3399971 2 5 12 14 15 21 24 32 39 42 43 48 51 58 60 67 69 74 75 80
5
X1
$27,210
1/7/2024 12:48 
AM
3399970 11 25 26 28 38 40 48 49 50 56 57 61 64 68 69 71 72 74 76 80 26
X1
$27,205
1/7/2024 12:44 
AM
3399969 1 3 10 16 20 21 25 32 38 43 45 47 48 56 60 61 66 75 76 80
75
X1
$27,199
1/7/2024 12:40 
AM
3399968 2 14 15 18 20 22 29 35 38 40 45 53 60 63 69 70 73 75 76 80
2
X2
$27,194
1/7/2024 12:36 
AM
3399967 1 2 6 10 14 15 16 18 19 21 23 27 32 43 44 47 54 57 62 77
21
X5
$27,188
1/7/2024 12:32 
AM
3399966 1 2 5 6 8 22 23 29 36 48 49 50 55 60 61 67 69 71 75 76
48
X2
$27,183
1/7/2024 12:28 
AM
3399965 1 4 9 11 17 19 27 33 35 36 37 44 48 51 60 65 67 71 76 79
9
X3
$27,177
1/7/2024 12:24 
AM
3399964 3 4 15 16 18 21 25 30 32 35 41 45 46 48 51 59 61 67 75 79
18
X5
$27,171
1/7/2024 12:20 
AM
3399963 4 8 13 23 24 26 33 45 47 48 51 55 59 65 66 68 70 72 73 76
65
X1
$27,165
1/7/2024 12:16 
AM
3399962 3 9 10 11 13 18 21 23 24 29 31 32 34 39 40 44 59 61 69 77
44
X1
$27,158
Date
Time
Draw
Winning Numbers
BullsEye Multiplier Bonus8S
1/7/2024 12:12 
AM
3399961 2 6 9 11 13 15 17 28 29 32 38 44 52 53 54 57 58 59 60 75
57
X1
$27,151
1/7/2024 12:08 
AM
3399960 4 10 13 14 15 16 17 23 45 50 54 55 58 66 69 71 73 76 77 80
80
X1
$27,144
1/7/2024 12:04 
AM
3399959 4 9 13 17 22 24 32 39 42 43 44 49 50 55 56 66 68 71 75 80
75
X1
$27,137
1/7/2024 12:00 
AM
3399958 4 8 12 13 18 24 29 34 36 39 46 53 54 61 67 69 72 76 78 79
54
X2
$27,130
